1.030000 1.030000 1.030000 1.030000 1.030000 1.030000 1.030000 1.030000 1.030000 1.030000 1.030000 1.030000 1.030000 1.030000 1.030000 1.030000 1.030000 1.030000 1.030000 1.030000 
1.130000 1.130000 1.130000 1.130000 1.130000 1.130000 1.130000 1.130000 1.130000 1.130000 1.130000 1.130000 1.130000 1.130000 1.130000 1.130000 1.130000 1.130000 1.130000 1.130000 
1.040000 1.040000 1.040000 1.040000 1.040000 1.040000 1.040000 1.040000 1.040000 1.040000 1.040000 1.040000 1.040000 1.040000 1.040000 1.040000 1.040000 1.040000 1.040000 1.040000 
0.820000 0.820000 0.820000 0.820000 0.820000 0.820000 0.820000 0.820000 0.820000 0.820000 0.820000 0.820000 0.820000 0.820000 0.820000 0.820000 0.820000 0.820000 0.820000 0.820000 
0.920000 0.920000 0.920000 0.920000 0.920000 0.920000 0.920000 0.920000 0.920000 0.920000 0.920000 0.920000 0.920000 0.920000 0.920000 0.920000 0.920000 0.920000 0.920000 0.920000 
1.180000 1.180000 1.180000 1.180000 1.180000 1.180000 1.180000 1.180000 1.180000 1.180000 1.180000 1.180000 1.180000 1.180000 1.180000 1.180000 1.180000 1.180000 1.180000 1.180000 
0.840000 0.840000 0.840000 0.840000 0.840000 0.840000 0.840000 0.840000 0.840000 0.840000 0.840000 0.840000 0.840000 0.840000 0.840000 0.840000 0.840000 0.840000 0.840000 0.840000 
1.110000 1.110000 1.110000 1.110000 1.110000 1.110000 1.110000 1.110000 1.110000 1.110000 1.110000 1.110000 1.110000 1.110000 1.110000 1.110000 1.110000 1.110000 1.110000 1.110000 
0.990000 0.990000 0.990000 0.990000 0.990000 0.990000 0.990000 0.990000 0.990000 0.990000 0.990000 0.990000 0.990000 0.990000 0.990000 0.990000 0.990000 0.990000 0.990000 0.990000 
1.020000 1.020000 1.020000 1.020000 1.020000 1.020000 1.020000 1.020000 1.020000 1.020000 1.020000 1.020000 1.020000 1.020000 1.020000 1.020000 1.020000 1.020000 1.020000 1.020000 
0.740000 0.740000 0.740000 0.740000 0.740000 0.740000 0.740000 0.740000 0.740000 0.740000 0.740000 0.740000 0.740000 0.740000 0.740000 0.740000 0.740000 0.740000 0.740000 0.740000 
0.860000 0.860000 0.860000 0.860000 0.860000 0.860000 0.860000 0.860000 0.860000 0.860000 0.860000 0.860000 0.860000 0.860000 0.860000 0.860000 0.860000 0.860000 0.860000 0.860000 
1.030000 1.030000 1.030000 1.030000 1.030000 1.030000 1.030000 1.030000 1.030000 1.030000 1.030000 1.030000 1.030000 1.030000 1.030000 1.030000 1.030000 1.030000 1.030000 1.030000 
1.130000 1.130000 1.130000 1.130000 1.130000 1.130000 1.130000 1.130000 1.130000 1.130000 1.130000 1.130000 1.130000 1.130000 1.130000 1.130000 1.130000 1.130000 1.130000 1.130000 
0.820000 0.820000 0.820000 0.820000 0.820000 0.820000 0.820000 0.820000 0.820000 0.820000 0.820000 0.820000 0.820000 0.820000 0.820000 0.820000 0.820000 0.820000 0.820000 0.820000 
1.030000 1.030000 1.030000 1.030000 1.030000 1.030000 1.030000 1.030000 1.030000 1.030000 1.030000 1.030000 1.030000 1.030000 1.030000 1.030000 1.030000 1.030000 1.030000 1.030000 
1.030000 1.030000 1.030000 1.030000 1.030000 1.030000 1.030000 1.030000 1.030000 1.030000 1.030000 1.030000 1.030000 1.030000 1.030000 1.030000 1.030000 1.030000 1.030000 1.030000 
1.050000 1.050000 1.050000 1.050000 1.050000 1.050000 1.050000 1.050000 1.050000 1.050000 1.050000 1.050000 1.050000 1.050000 1.050000 1.050000 1.050000 1.050000 1.050000 1.050000 
1.110000 1.110000 1.110000 1.110000 1.110000 1.110000 1.110000 1.110000 1.110000 1.110000 1.110000 1.110000 1.110000 1.110000 1.110000 1.110000 1.110000 1.110000 1.110000 1.110000 
1.090000 1.090000 1.090000 1.090000 1.090000 1.090000 1.090000 1.090000 1.090000 1.090000 1.090000 1.090000 1.090000 1.090000 1.090000 1.090000 1.090000 1.090000 1.090000 1.090000 
